( 0.00 0.00 0.0000 )
( 0.00 0.00 0.0055 )
( 0.00 0.00 0.0110 )
( 0.00 0.00 0.0165 )
( 0.00 0.00 0.0220 )
( 0.00 0.00 0.0275 )
( 0.00 0.00 0.0330 )
( 0.00 0.00 0.0385 )
( 0.00 0.00 0.0440 )
( 0.00 0.00 0.0495 )
( 0.00 0.00 0.0550 )
( 0.00 0.00 0.0605 )
( 0.00 0.00 0.0660 )
( 0.00 0.00 0.0715 )
( 0.00 0.00 0.0770 )
( 0.00 0.00 0.0825 )
( 0.00 0.00 0.0880 )
( 0.00 0.00 0.0935 )
( 0.00 0.00 0.0990 )
( 0.00 0.00 0.1045 )
( 0.00 0.00 0.1100 )
( 0.00 0.00 0.1155 )
( 0.00 0.00 0.1210 )
( 0.00 0.00 0.1265 )
( 0.00 0.00 0.1320 )
( 0.00 0.00 0.1375 )
( 0.00 0.00 0.1430 )
( 0.00 0.00 0.1485 )
( 0.00 0.00 0.1540 )
( 0.00 0.00 0.1595 )
( 0.00 0.00 0.1650 )
( 0.00 0.00 0.1705 )
( 0.00 0.00 0.1760 )
( 0.00 0.00 0.1815 )
( 0.00 0.00 0.1870 )
( 0.00 0.00 0.1925 )
( 0.00 0.00 0.1980 )
( 0.00 0.00 0.2035 )
( 0.00 0.00 0.2090 )
( 0.00 0.00 0.2145 )
( 0.00 0.00 0.2200 )
( 0.00 0.00 0.2255 )
( 0.00 0.00 0.2310 )
( 0.00 0.00 0.2365 )
( 0.00 0.00 0.2420 )
( 0.00 0.00 0.2475 )
( 0.00 0.00 0.2530 )
( 0.00 0.00 0.2585 )
( 0.00 0.00 0.2640 )
( 0.00 0.00 0.2695 )
( 0.00 0.00 0.2750 )
( 0.00 0.00 0.2805 )
( 0.00 0.00 0.2860 )
( 0.00 0.00 0.2915 )
( 0.00 0.00 0.2970 )
( 0.00 0.00 0.3025 )
( 0.00 0.00 0.3080 )
( 0.00 0.00 0.3135 )
( 0.00 0.00 0.3190 )
( 0.00 0.00 0.3245 )
( 0.00 0.00 0.3300 )
( 0.00 0.00 0.3355 )
( 0.00 0.00 0.3410 )
( 0.00 0.00 0.3465 )
( 0.00 0.00 0.3520 )
( 0.00 0.00 0.3575 )
( 0.00 0.00 0.3630 )
( 0.00 0.00 0.3685 )
( 0.00 0.00 0.3740 )
( 0.00 0.00 0.3795 )
( 0.00 0.00 0.3850 )
( 0.00 0.00 0.3905 )
( 0.00 0.00 0.3960 )
( 0.00 0.00 0.4015 )
( 0.00 0.00 0.4070 )
( 0.00 0.00 0.4125 )
( 0.00 0.00 0.4180 )
( 0.00 0.00 0.4235 )
( 0.00 0.00 0.4290 )
( 0.00 0.00 0.4345 )
( 0.00 0.00 0.4400 )
( 0.00 0.00 0.4455 )
( 0.00 0.00 0.4510 )
( 0.00 0.00 0.4565 )
( 0.00 0.00 0.4620 )
( 0.00 0.00 0.4675 )
( 0.00 0.00 0.4730 )
( 0.00 0.00 0.4785 )
( 0.00 0.00 0.4840 )
( 0.00 0.00 0.4895 )
( 0.00 0.00 0.4950 )
( 0.00 0.00 0.5005 )
( 0.00 0.00 0.5060 )
( 0.00 0.00 0.5115 )
( 0.00 0.00 0.5170 )
( 0.00 0.00 0.5225 )
( 0.00 0.00 0.5280 )
( 0.00 0.00 0.5335 )
( 0.00 0.00 0.5390 )
( 0.00 0.00 0.5445 )
( 0.00 0.00 0.5500 )
( 0.00 0.00 0.5555 )
( 0.00 0.00 0.5610 )
( 0.00 0.00 0.5665 )
( 0.00 0.00 0.5720 )
( 0.00 0.00 0.5775 )
( 0.00 0.00 0.5830 )
( 0.00 0.00 0.5885 )
( 0.00 0.00 0.5940 )
( 0.00 0.00 0.5995 )
( 0.00 0.00 0.6050 )
( 0.00 0.00 0.6105 )
( 0.00 0.00 0.6160 )
( 0.00 0.00 0.6215 )
( 0.00 0.00 0.6270 )
( 0.00 0.00 0.6325 )
( 0.00 0.00 0.6380 )
( 0.00 0.00 0.6435 )
( 0.00 0.00 0.6490 )
( 0.00 0.00 0.6545 )
( 0.00 0.00 0.6600 )
( 0.00 0.00 0.6655 )
( 0.00 0.00 0.6710 )
( 0.00 0.00 0.6765 )
( 0.00 0.00 0.6820 )
( 0.00 0.00 0.6875 )
( 0.00 0.00 0.6930 )
( 0.00 0.00 0.6985 )
( 0.00 0.00 0.7040 )
( 0.00 0.00 0.7095 )
( 0.00 0.00 0.7150 )
( 0.00 0.00 0.7205 )
( 0.00 0.00 0.7260 )
( 0.00 0.00 0.7315 )
( 0.00 0.00 0.7370 )
( 0.00 0.00 0.7425 )
( 0.00 0.00 0.7480 )
( 0.00 0.00 0.7535 )
( 0.00 0.00 0.7590 )
( 0.00 0.00 0.7645 )
( 0.00 0.00 0.7700 )
( 0.00 0.00 0.7755 )
( 0.00 0.00 0.7810 )
( 0.00 0.00 0.7865 )
( 0.00 0.00 0.7920 )
( 0.00 0.00 0.7975 )
( 0.00 0.00 0.8030 )
( 0.00 0.00 0.8085 )
( 0.00 0.00 0.8140 )
( 0.00 0.00 0.8195 )
( 0.00 0.00 0.8250 )
( 0.00 0.00 0.8305 )
( 0.00 0.00 0.8360 )
( 0.00 0.00 0.8415 )
( 0.00 0.00 0.8470 )
( 0.00 0.00 0.8525 )
( 0.00 0.00 0.8580 )
( 0.00 0.00 0.8635 )
( 0.00 0.00 0.8690 )
( 0.00 0.00 0.8745 )
( 0.00 0.00 0.8800 )
( 0.00 0.00 0.8855 )
( 0.00 0.00 0.8910 )
( 0.00 0.00 0.8965 )
( 0.00 0.00 0.9020 )
( 0.00 0.00 0.9075 )
( 0.00 0.00 0.9130 )
( 0.00 0.00 0.9185 )
( 0.00 0.00 0.9240 )
( 0.00 0.00 0.9295 )
( 0.00 0.00 0.9350 )
( 0.00 0.00 0.9405 )
( 0.00 0.00 0.9460 )
( 0.00 0.00 0.9515 )
( 0.00 0.00 0.9570 )
( 0.00 0.00 0.9625 )
( 0.00 0.00 0.9680 )
( 0.00 0.00 0.9735 )
( 0.00 0.00 0.9790 )
( 0.00 0.00 0.9845 )
( 0.00 0.00 0.9900 )
( 0.00 0.00 0.9955 )
( 0.00 0.00 1.0010 )
( 0.00 0.00 1.0065 )
( 0.00 0.00 1.0120 )
( 0.00 0.00 1.0175 )
( 0.00 0.00 1.0230 )
( 0.00 0.00 1.0285 )
( 0.00 0.00 1.0340 )
( 0.00 0.00 1.0395 )
( 0.00 0.00 1.0450 )
( 0.00 0.00 1.0505 )
( 0.00 0.00 1.0560 )
( 0.00 0.00 1.0615 )
( 0.00 0.00 1.0670 )
( 0.00 0.00 1.0725 )
( 0.00 0.00 1.0780 )
( 0.00 0.00 1.0835 )
( 0.00 0.00 1.0890 )
( 0.00 0.00 1.0945 )
( 0.00 0.00 1.1000 )
( 0.00 0.00 1.1055 )
( 0.00 0.00 1.1110 )
( 0.00 0.00 1.1165 )
( 0.00 0.00 1.1220 )
( 0.00 0.00 1.1275 )
( 0.00 0.00 1.1330 )
( 0.00 0.00 1.1385 )
( 0.00 0.00 1.1440 )
( 0.00 0.00 1.1495 )
( 0.00 0.00 1.1550 )
( 0.00 0.00 1.1605 )
( 0.00 0.00 1.1660 )
( 0.00 0.00 1.1715 )
( 0.00 0.00 1.1770 )
( 0.00 0.00 1.1825 )
( 0.00 0.00 1.1880 )
( 0.00 0.00 1.1935 )
( 0.00 0.00 1.1990 )
( 0.00 0.00 1.2045 )
( 0.00 0.00 1.2100 )
( 0.00 0.00 1.2155 )
( 0.00 0.00 1.2210 )
( 0.00 0.00 1.2265 )
( 0.00 0.00 1.2320 )
( 0.00 0.00 1.2375 )
( 0.00 0.00 1.2430 )
( 0.00 0.00 1.2485 )
( 0.00 0.00 1.2540 )
( 0.00 0.00 1.2595 )
( 0.00 0.00 1.2650 )
( 0.00 0.00 1.2705 )
( 0.00 0.00 1.2760 )
( 0.00 0.00 1.2815 )
( 0.00 0.00 1.2870 )
( 0.00 0.00 1.2925 )
( 0.00 0.00 1.2980 )
( 0.00 0.00 1.3035 )
( 0.00 0.00 1.3090 )
( 0.00 0.00 1.3145 )
( 0.00 0.00 1.3200 )
( 0.00 0.00 1.3255 )
( 0.00 0.00 1.3310 )
( 0.00 0.00 1.3365 )
( 0.00 0.00 1.3420 )
( 0.00 0.00 1.3475 )
( 0.00 0.00 1.3530 )
( 0.00 0.00 1.3585 )
( 0.00 0.00 1.3640 )
( 0.00 0.00 1.3695 )
( 0.00 0.00 1.3750 )
( 0.00 0.00 1.3805 )
( 0.00 0.00 1.3860 )
( 0.00 0.00 1.3915 )
( 0.00 0.00 1.3970 )
( 0.00 0.00 1.4025 )
( 0.00 0.00 1.4080 )
( 0.00 0.00 1.4135 )
( 0.00 0.00 1.4190 )
( 0.00 0.00 1.4245 )
( 0.00 0.00 1.4300 )
( 0.00 0.00 1.4355 )
( 0.00 0.00 1.4410 )
( 0.00 0.00 1.4465 )
( 0.00 0.00 1.4520 )
( 0.00 0.00 1.4575 )
( 0.00 0.00 1.4630 )
( 0.00 0.00 1.4685 )
( 0.00 0.00 1.4740 )
( 0.00 0.00 1.4795 )
( 0.00 0.00 1.4850 )
( 0.00 0.00 1.4905 )
( 0.00 0.00 1.4960 )
( 0.00 0.00 1.5015 )
( 0.00 0.00 1.5070 )
( 0.00 0.00 1.5125 )
( 0.00 0.00 1.5180 )
( 0.00 0.00 1.5235 )
( 0.00 0.00 1.5290 )
( 0.00 0.00 1.5345 )
( 0.00 0.00 1.5400 )
( 0.00 0.00 1.5455 )
( 0.00 0.00 1.5510 )
( 0.00 0.00 1.5565 )
( 0.00 0.00 1.5620 )
( 0.00 0.00 1.5675 )
( 0.00 0.00 1.5730 )
( 0.00 0.00 1.5785 )
( 0.00 0.00 1.5840 )
( 0.00 0.00 1.5895 )
( 0.00 0.00 1.5950 )
( 0.00 0.00 1.6005 )
( 0.00 0.00 1.6060 )
( 0.00 0.00 1.6115 )
( 0.00 0.00 1.6170 )
( 0.00 0.00 1.6225 )
( 0.00 0.00 1.6280 )
( 0.00 0.00 1.6335 )
( 0.00 0.00 1.6390 )
( 0.00 0.00 1.6445 )
( 0.00 0.00 1.6500 )
( 0.00 0.00 1.6555 )
( 0.00 0.00 1.6610 )
( 0.00 0.00 1.6665 )
( 0.00 0.00 1.6720 )
( 0.00 0.00 1.6775 )
( 0.00 0.00 1.6830 )
( 0.00 0.00 1.6885 )
